///
Metodo de Euler
y(0.0) = 0.0
h = 0.1
0 0.0
1 0.100000000000000
2 0.230000000000000
3 0.402000000000000
4 0.632800000000000
5 0.945920000000000
6 1.37428800000000
7 1.96400320000000
8 2.77960448000000
9 3.91144627200000
10 5.48602478080000
11 7.68043469312000
12 10.7426085703680
13 15.0196519985152
14 20.9975127979213
15 29.3565179170898
16 41.0491250839257
17 57.4087751174960
18 80.3022851644944
19 112.343199230292
20 157.190478922409

Metodo de Euler Inverso
y(0.0) = 0.0
h = 0.1
0 0.0
1 0.130000000000000
2 0.318800000000000
3 0.599328000000000
4 1.02295168000000
5 1.66980462080000
6 2.66489520844800
7 4.20323652517888
8 6.58904897927905
9 10.2969164076753
10 16.0671895959735
11 25.0548157697187
12 39.0615126007611
13 60.8979596571874
14 94.9488170652123
15 148.054154621731
16 230.884481209901
17 360.085790687445
18 561.625833472414
19 876.014300216966
20 1366.44630833847

Metodo de Euler Aprimorado
y(0.0) = 0.0
h = 0.1
0 0.0
1 0.115000000000000
2 0.273200000000000
3 0.495336000000000
4 0.812097280000000
5 1.26890397440000
6 1.93297788211200
7 2.90380726552576
8 4.32863475297813
9 6.42537943440763
10 9.51656156292329
11 14.0795111131265
12 20.8206764474272
13 30.7856011421922
14 45.5216896904445
15 67.3191007418578
16 99.5672690979496
17 147.282558264965
18 217.889186232149
19 322.374995623580
20 477.001993522899

Metodo de Runge-Kutta
y(0.0) = 0.0
h = 0.1
0 0.0
1 0.117200000000000
2 0.279737813333333
3 0.509907554076445
4 0.840966095334301
5 1.32252382328002
6 2.02858620464758
7 3.06954966101296
8 4.61009621432173
9 6.89588752611087
10 10.2933852856171
11 15.3492526100646
12 22.8789650935203
13 34.0989948621741
14 50.8239939357338
15 75.7609392203986
16 112.947918399709
17 168.408681474126
18 251.129057111003
19 374.513505461054
20 558.557906546437

Metodo Adam-Bashforth por Euler ( ordem = 6 )
y(0.0) = 0.0
h = 0.1
0 0.0
1 0.100000000000000
2 0.230000000000000
3 0.402000000000000
4 0.632800000000000
5 0.945920000000000
6 1.45035040000000
7 2.23691931688889
8 3.35844174442605
9 4.99695083498148
10 7.48198639667956
11 11.1802888333590
12 16.6249202050360
13 24.7500581304216
14 36.9138997900255
15 55.0062241322631
16 81.9320443028141
17 122.138411354335
18 182.125068886494
19 271.512719182195
20 404.819759848821

Metodo Adam-Bashforth por Euler Inverso ( ordem = 6 )
y(0.0) = 0.0
h = 0.1
0 0.0
1 0.130000000000000
2 0.318800000000000
3 0.599328000000000
4 1.02295168000000
5 1.66980462080000
6 2.56669570372267
7 3.83517932594029
8 5.76086180833961
9 8.64973784449651
10 12.8827270903983
11 19.1762162622181
12 28.6224313633973
13 42.6826707427550
14 63.5715579421872
15 94.7590071017958
16 141.323288735407
17 210.695867974306
18 314.116250900087
19 468.445356751208
20 698.631384884925

Metodo Adam-Bashforth por Euler Aprimorado ( ordem = 6 )
y(0.0) = 0.0
h = 0.1
0 0.0
1 0.115000000000000
2 0.273200000000000
3 0.495336000000000
4 0.812097280000000
5 1.26890397440000
6 1.94566533580800
7 2.95034555054123
8 4.43033073361868
9 6.62178245644458
10 9.88667894391047
11 14.7449658269955
12 21.9694362353666
13 32.7351647816092
14 48.7896601869607
15 72.7172842441210
16 108.386148255522
17 161.584447620544
18 240.924394284387
19 359.238976622275
20 535.696063138740

Metodo Adam-Bashforth por Runge-Kutta ( ordem = 6 )
y(0.0) = 0.0
h = 0.1
0 0.0
1 0.117200000000000
2 0.279737813333333
3 0.509907554076445
4 0.840966095334301
5 1.32252382328002
6 2.02836134047985
7 3.06872220834702
8 4.60828020736213
9 6.89236515086689
10 10.2867228821220
11 15.3372283794532
12 22.8581235247808
13 34.0634846111728
14 50.7642408683034
15 75.6618503726721
16 112.785401547090
17 168.144096399825
18 250.701252221953
19 373.826207774336
20 557.459348935008

Metodo Adam-Multon por Euler ( ordem = 6 )
y(0.0) = 0.0
h = 0.1
0 0.0
1 0.100000000000000
2 0.230000000000000
3 0.402000000000000
4 0.632800000000000
5 0.945920000000000
6 1.30126003888889
7 1.76070434359992
8 2.36980843371305
9 3.17386857248111
10 4.23851866133941
11 5.65122423661608
12 7.52795116256621
13 10.0235526371150
14 13.3446056972399
15 17.7666018622367
16 23.6569818469492
17 31.5058236699562
18 41.9667690259201
19 55.9116141492007
20 74.5031196937026

Metodo Adam-Multon por Euler Inverso ( ordem = 6 )
y(0.0) = 0.0
h = 0.1
0 0.0
1 0.130000000000000
2 0.318800000000000
3 0.599328000000000
4 1.02295168000000
5 1.66980462080000
6 2.29055066392356
7 3.08293893788810
8 4.15378710882829
9 5.57660569486897
10 7.47320818005575
11 10.0065957805880
12 13.3919595433632
13 17.9183093073608
14 23.9729080490396
15 32.0742817227927
16 42.9169099882540
17 57.4309289857286
18 76.8620730512328
19 102.878764534527
20 137.715536555520

Metodo Adam-Multon por Euler Aprimorado ( ordem = 6 )
y(0.0) = 0.0
h = 0.1
0 0.0
1 0.115000000000000
2 0.273200000000000
3 0.495336000000000
4 0.812097280000000
5 1.26890397440000
6 1.74148920149156
7 2.34864388401361
8 3.16186049805065
9 4.23914226969386
10 5.67068559548628
11 7.57691716035192
12 10.1171063870891
13 13.5045613025783
14 18.0244761040679
15 24.0579462505267
16 32.1143250222464
17 42.8743860835663
18 57.2480016556782
19 76.4512437732181
20 102.109430522798

Metodo Adam-Multon por Runge-Kutta ( ordem = 6 )
y(0.0) = 0.0
h = 0.1
0 0.0
1 0.117200000000000
2 0.279737813333333
3 0.509907554076445
4 0.840966095334301
5 1.32252382328002
6 1.81477114630888
7 2.44658705287061
8 3.29400778096757
9 4.41712370020756
10 5.91029264133310
11 7.89953629978903
12 10.5514731308356
13 14.0893472536643
14 18.8117347404320
15 25.1177299999849
16 33.5409058267822
17 44.7946241917478
18 59.8326029535086
19 79.9299037485103
20 106.791205629335

Metodo Formula Inversa de Diferenciacao por Euler ( ordem = 6 )
y(0.0) = 0.0
h = 0.1
0 0.0
1 0.100000000000000
2 0.230000000000000
3 0.402000000000000
4 0.632800000000000
5 0.945920000000000
6 1.41091232653061
7 2.11170810695544
8 3.13312764597880
9 4.60438723768406
10 6.74411962839979
11 9.87696905181691
12 14.4610627291096
13 21.1622248243663
14 30.9670664745682
15 45.3270475461103
16 66.3629754539930
17 97.1780175052015
18 142.323179302585
19 208.471745019078
20 305.401785284709

Metodo Formula Inversa de Diferenciacao por Euler Inverso ( ordem = 6 )
y(0.0) = 0.0
h = 0.1
0 0.0
1 0.130000000000000
2 0.318800000000000
3 0.599328000000000
4 1.02295168000000
5 1.66980462080000
6 2.61578294211396
7 3.99155214390321
8 6.04526188055518
9 9.15233193997952
10 13.8432725949583
11 20.9101274327721
12 31.5708786187517
13 47.6755261152251
14 72.0075621830817
15 108.765604386101
16 164.302054632015
17 248.224000698856
18 375.047371501378
19 566.705531272008
20 856.348401730846

Metodo Formula Inversa de Diferenciacao por Euler Aprimorado ( ordem = 6 )
y(0.0) = 0.0
h = 0.1
0 0.0
1 0.115000000000000
2 0.273200000000000
3 0.495336000000000
4 0.812097280000000
5 1.26890397440000
6 1.93943893846727
7 2.92879464260254
8 4.38828046593120
9 6.54593827225083
10 9.74549323138973
11 14.4975592923738
12 21.5591682050532
13 32.0573194239110
14 47.6716039258565
15 70.9023919399289
16 105.470262269454
17 156.913027058837
18 233.474691497837
19 347.427107581413
20 517.036846325837

Metodo Formula Inversa de Diferenciacao por Runge-Kutta ( ordem = 6 )
y(0.0) = 0.0
h = 0.1
0 0.0
1 0.117200000000000
2 0.279737813333333
3 0.509907554076445
4 0.840966095334301
5 1.32252382328002
6 2.02870963280607
7 3.06805904184058
8 4.60397242526666
9 6.88270067793125
10 10.2709847139725
11 15.3138896552284
12 22.8244275962393
13 34.0167588712800
14 50.7025607875174
15 75.5838785742631
16 112.691547121844
17 168.039591008360
18 250.600561053796
19 373.760252175138
20 557.488553085140
///
